20
9
27
27
25
9
24
3
20
9
23
23
11
7
4
15
25
0
20
0
1
10
0
16
4
25
3
20
20
25
15
6
10
27
10
18
2
19
19
19
7
10
9
17
0
17
6
6
27
20
20
24
19
19
19
7
14
24
19
17
10
9
15
0
25
19
4
24
10
20
2
9
8
20
20
8
20
12
5
3
27
25
26
18
14
17
10
19
18
6
0
15
4
22
6
11
27
1
10
10
6
26
21
13
20
5
10
17
6
11
12
27
15
2
20
0
23
0
0
20
0
25
0
15
12
17
9
7
4
27
19
8
2
22
4
0
15
0
9
3
0
19
20
15
19
18
7
20
0
5
8
17
8
14
12
3
22
6
12
21
21
16
19
15
8
12
0
20
12
26
20
0
3
7
7
20
4
27
20
16
14
20
27
27
21
6
17
27
20
6
11
6
4
10
26
20
12
27
20
27
23
10
10
10
10
25
27
10
4
23
9
20
27
13
10
17
15
18
17
24
6
27
14
21
17
17
10
10
2
3
2
19
22
12
26
27
10
15
21
19
27
7
16
17
16
17
16
17
21
15
16
24
16
16
4
3
7
6
6
15
24
2
23
22
7
10
11
19
19
10
19
8
8
20
17
24
12
15
4
2
22
11
14
11
20
25
23
10
17
18
17
21
10
8
0
24
21
10
27
20
20
15
14
2
0
5
22
24
17
19
0
26
27
14
21
21
25
7
4
20
12
15
26
12
10
14
17
21
10
21
21
10
5
7
0
0
5
17
6
20
2
22
0
20
20
20
14
4
16
18
20
17
15
4
23
11
19
5
14
14
11
19
10
24
20
7
4
14
19
26
19
4
10
3
10
21
21
21
14
17
18
10
10
20
4
20
14
20
10
11
12
3
15
3
6
20
25
10
7
7
10
0
12
24
19
3
17
24
11
23
24
8
8
22
17
8
19
8
11
14
6
19
6
19
4
11
4
9
17
15
2
20
26
22
10
3
27
12
6
26
20
7
20
27
27
8
2
6
20
19
17
23
4
21
18
18
20
21
19
9
27
22
9
25
14
2
6
6
20
25
7
22
20
3
10
14
7
24
7
7
20
15
15
7
15
20
20
15
8
0
0
3
23
15
20
7
20
0
20
20
0
20
25
3
20
23
7
18
3
27
15
8
25
27
8
15
16
12
8
13
16
20
0
12
24
14
5
25
12
15
0
20
10
10
21
10
25
8
4
25
20
6
6
20
7
27
20
8
18
10
10
5
10
7
17
10
7
15
14
19
18
27
9
9
9
18
18
27
9
20
25
18
14
9
27
14
22
9
27
27
20
20
27
9
16
17
17
17
7
9
17
4
17
17
27
9
1
3
20
9
20
9
27
27
27
9
12
14
27
20
27
20
9
20
20
4
4
7
20
17
12
9
20
12
7
24
24
7
20
24
20
20
24
4
7
8
7
20
20
20
20
17
27
12
15
17
24
20
20
7
24
7
17
7
24
15
7
7
20
20
7
7
7
7
7
0
7
7
12
7
7
24
12
7
5
17
7
24
7
7
7
27
9
26
20
7
12
20
4
15
7
24
9
4
7
7
17
7
7
7
