0.000000 0.000000 0.000000 0.000000 0.000000 0.847253 0.000000 0.000000 0.000000 0.152747
0.000000 0.000000 1.000000 0.000000 0.000000 0.000000 0.000000 0.000000 0.000000 0.000000
0.000000 0.000000 0.000000 0.000000 0.000000 0.000000 0.000000 0.000000 0.000000 1.000000
0.000000 0.000000 0.000000 0.000000 0.000000 0.000000 0.000000 0.000000 0.000000 1.000000
0.000000 0.000000 0.000000 1.000000 0.000000 0.000000 0.000000 0.000000 0.000000 0.000000
0.859885 0.000000 0.000000 0.140115 0.000000 0.000000 0.000000 0.000000 0.000000 0.000000
1.000000 0.000000 0.000000 0.000000 0.000000 0.000000 0.000000 0.000000 0.000000 0.000000
0.911705 0.088295 0.000000 0.000000 0.000000 0.000000 0.000000 0.000000 0.000000 0.000000
0.111008 0.000000 0.000000 0.000000 0.000000 0.000000 0.888992 0.000000 0.000000 0.000000
0.031040 0.000000 0.000000 0.000000 0.000000 0.968960 0.000000 0.000000 0.000000 0.000000
0.054235 0.000000 0.000000 0.000000 0.000000 0.000000 0.945765 0.000000 0.000000 0.000000
