128 580 663 993 1226 1774 1923 2204 2445 2871 2831 2966
125 317 803 1184 1441 1507 2087 2293 2664 2921 2877 2835
109 332 800 1016 1263 1780 1874 2215 2590 2844 2796 2797
219 439 621 1101 1411 1734 2096 2398 2480 2796 2903 2978
153 599 878 1017 1372 1731 1905 2189 2631 2777 2863 2919
61 411 714 955 1328 1622 2009 2274 2595 2858 2764 2809
81 525 865 945 1361 1528 2000 2178 2692 2806 2874 2985
175 400 889 927 1262 1652 2048 2241 2400 2802 2734 2811
28 450 631 1136 1455 1577 1803 2157 2485 2969 2932 2891
194 365 657 1125 1402 1702 1819 2110 2437 2793 2977 2798
92 423 894 968 1354 1505 1826 2203 2674 2939 2738 2915
45 407 609 1059 1493 1523 2083 2346 2618 2753 2741 2756
40 376 807 1046 1319 1783 1964 2329 2499 2914 2809 2885
209 455 788 931 1358 1554 1876 2180 2484 2944 2974 2909
3 539 854 905 1294 1542 1890 2104 2520 2965 2884 2818
169 538 612 1054 1217 1609 1958 2127 2680 2846 2820 2999
228 375 615 965 1440 1721 1995 2296 2533 2903 2898 2946
266 483 718 939 1420 1504 1904 2229 2470 2995 2940 2829
208 399 619 1162 1357 1539 2051 2202 2467 2819 2782 2958
2 492 601 1005 1442 1502 1824 2243 2652 2782 2747 2931
206 313 708 914 1223 1732 1836 2148 2473 2909 2981 2878
149 578 611 1175 1438 1647 1948 2205 2446 2967 2763 2828
273 329 858 1037 1296 1655 2094 2287 2510 2708 2868 2801
63 454 721 1149 1224 1588 2041 2250 2637 2934 2832 2808
86 328 758 1089 1422 1500 2090 2358 2656 2726 2728 2821
191 334 763 1044 1213 1592 1816 2234 2464 2759 2837 2813
202 374 661 900 1249 1537 1943 2209 2570 2716 2988 2971
224 378 614 1108 1474 1763 1841 2232 2426 2724 2984 2991
140 387 888 1120 1446 1715 1970 2156 2408 2843 2824 2979
213 304 686 1095 1381 1736 1986 2242 2675 2886 2759 2917
