36
2
4
4
16
4
18
13
3
4
13
13
100
61
17
1
21
26
3
26
5
15
26
4
8
21
4
3
3
16
31
23
15
4
15
47
0
15
15
15
15
15
4
17
25
13
1
40
4
3
3
15
15
15
15
37
9
15
15
11
15
4
0
15
52
15
29
15
15
3
15
52
0
3
3
0
3
49
4
20
4
16
37
29
9
64
15
15
47
36
26
30
17
15
17
25
4
15
15
15
40
25
15
9
11
4
15
11
23
61
4
4
23
51
3
25
4
26
25
3
26
52
26
0
11
48
4
1
1
4
15
26
15
15
17
0
23
26
4
17
5
15
3
1
15
29
3
26
15
17
10
17
49
9
49
15
15
17
17
15
15
55
15
0
3
9
26
3
9
26
29
26
4
38
3
3
8
4
3
39
9
3
4
4
15
17
21
4
108
36
0
40
11
15
3
0
0
4
26
4
20
15
15
15
15
21
4
15
0
4
4
26
4
0
15
13
30
11
11
18
0
4
16
15
48
47
15
15
25
27
25
15
15
18
25
4
15
97
15
15
4
15
4
2
39
11
55
11
15
36
4
15
4
21
17
27
22
61
23
1
15
0
15
15
3
15
25
15
15
15
15
0
0
3
3
15
4
1
57
15
0
25
21
5
3
16
4
15
11
47
2
15
15
49
10
15
15
15
4
69
3
5
4
25
26
17
15
18
11
15
18
114
4
13
15
15
16
3
17
3
22
0
25
22
15
9
29
15
15
15
15
15
17
15
26
15
29
11
40
3
25
15
25
3
3
3
13
11
4
17
22
29
0
17
4
5
15
4
9
9
75
15
15
15
3
15
17
9
15
26
15
17
15
15
15
15
15
15
9
29
11
15
15
29
17
13
9
29
15
10
4
15
32
0
36
3
0
15
14
38
15
0
17
18
15
15
29
15
54
27
18
0
0
15
52
0
15
0
35
9
3
15
1
15
48
0
8
4
11
15
0
3
25
15
0
4
4
9
20
3
4
0
3
4
4
49
0
15
3
15
29
4
17
20
29
29
3
15
15
4
4
15
18
52
9
15
3
36
26
16
3
15
3
15
15
9
61
18
3
61
38
1
1
106
1
3
3
36
0
0
26
27
20
31
0
3
3
35
3
3
26
69
21
17
3
27
14
29
27
4
36
26
21
4
16
1
4
49
26
109
15
3
26
22
15
13
27
16
22
1
35
3
15
15
15
15
21
3
17
16
70
3
40
3
0
4
3
0
0
15
15
17
15
14
40
15
61
36
9
