0
1
2
3
4
5
6
7
8
9
10
3
2
2
11
12
13
14
2
15
16
17
18
9
9
4
8
19
17
3
20
21
22
21
11
4
23
24
4
1
3
4
25
17
8
3
1
4
4
17
23
3
17
15
26
8
8
20
0
25
4
21
27
28
11
16
15
29
30
31
32
33
3
1
1
34
15
15
3
35
35
9
35
1
15
15
4
15
15
15
15
15
7
15
25
9
36
15
15
1
16
4
17
26
18
0
36
21
29
4
37
15
15
0
29
27
20
15
15
35
15
25
11
3
15
17
17
15
4
38
21
25
0
25
15
16
36
3
15
25
9
3
38
4
15
38
0
39
15
4
0
15
35
3
15
3
7
15
15
15
15
15
15
15
15
3
15
15
0
39
15
39
9
15
4
15
40
0
9
8
15
15
22
3
26
3
27
21
4
36
4
41
4
42
3
25
3
43
44
45
15
15
4
25
1
17
11
26
3
46
40
15
0
3
3
15
15
15
15
25
15
15
15
9
21
1
15
47
4
15
1
15
4
15
15
48
15
15
4
0
15
40
0
49
3
50
4
3
51
3
52
11
4
0
3
4
47
4
0
53
15
3
35
3
15
17
47
0
40
3
15
0
54
4
26
23
17
17
47
3
3
15
15
15
0
15
3
9
15
4
15
26
15
0
9
15
15
55
47
15
4
15
51
56
15
3
26
18
15
57
15
17
3
15
15
35
17
35
4
15
15
15
27
11
29
4
15
35
25
11
4
4
4
11
0
16
4
5
25
38
9
5
35
3
15
4
4
3
15
25
5
15
4
15
4
15
21
15
27
17
52
4
3
15
15
4
13
13
35
15
15
4
11
15
3
5
15
0
25
15
58
10
5
58
10
4
15
15
0
26
15
59
25
52
15
35
4
15
25
26
26
26
25
20
15
60
3
27
0
61
15
15
15
15
25
4
29
9
9
29
62
15
26
26
4
48
15
63
15
64
4
0
0
52
3
0
4
4
15
15
15
23
15
0
0
15
17
10
4
4
65
26
26
61
3
0
15
4
4
15
4
66
14
15
9
15
17
15
15
15
17
9
15
27
15
15
17
15
26
1
15
4
67
29
15
15
68
15
15
15
17
15
29
15
16
4
9
37
21
3
4
3
69
49
17
15
27
9
49
15
49
0
15
21
4
15
15
15
15
15
15
3
15
3
15
21
15
17
4
49
10
0
15
4
15
4
36
49
17
3
29
15
15
10
15
15
17
15
70
15
15
4
18
15
37
15
3
15
15
4
3
0
15
15
8
21
18
15
20
15
71
3
3
20
20
25
3
0
0
3
3
15
15
3
0
25
15
17
14
35
3
1
38
15
3
49
0
0
15
38
38
5
38
72
69
9
15
49
15
16
73
5
47
39
15
39
0
15
8
15
15
18
15
37
15
8
15
74
15
1
15
3
16
75
16
3
4
30
39
20
11
10
17
3
35
17
3
3
27
0
4
4
4
4
26
8
16
26
4
4
36
13
13
9
4
4
8
76
77
4
47
23
0
0
4
13
26
35
26
3
57
15
15
26
15
4
4
15
26
4
0
0
4
1
26
0
1
4
4
17
4
4
23
26
47
16
26
4
15
27
15
0
9
78
15
46
15
46
15
3
0
15
49
79
0
0
0
52
0
0
26
15
52
11
8
25
5
4
15
0
15
8
15
15
80
4
0
15
15
26
15
11
15
10
27
15
15
25
3
15
9
15
4
3
15
3
0
3
3
4
0
0
4
0
4
3
11
4
15
15
15
8
4
15
11
0
26
4
15
4
4
0
29
4
4
4
4
15
4
11
15
15
9
15
70
4
15
15
11
4
15
2
11
11
4
15
26
26
26
40
15
1
29
81
18
4
18
1
4
15
15
0
15
3
26
15
38
15
26
17
1
15
15
15
15
15
0
82
15
15
4
20
35
1
15
15
9
27
15
52
27
3
11
15
15
15
29
15
15
83
11
3
1
20
26
15
15
15
15
15
15
13
15
3
9
15
20
26
13
17
17
1
3
9
33
3
21
35
3
0
9
17
11
15
3
48
15
4
0
15
21
4
11
22
15
84
15
3
21
15
25
69
15
15
3
85
25
15
25
15
3
25
29
15
16
2
69
3
1
0
0
1
11
20
3
3
15
15
40
11
17
51
3
48
3
11
15
4
39
11
29
8
11
0
15
4
18
3
27
15
68
0
3
4
15
15
3
9
20
15
9
4
11
15
3
15
21
15
15
15
15
15
15
35
3
86
49
1
0
0
26
25
17
9
26
18
22
26
26
26
87
17
15
15
0
8
15
25
15
15
15
15
15
15
1
11
9
26
40
15
9
15
0
11
61
15
15
13
15
15
15
3
15
15
3
8
3
15
15
1
11
16
15
16
15
4
3
3
11
4
25
26
17
52
15
15
15
3
15
3
39
15
36
25
11
15
17
15
88
27
15
47
47
11
3
89
11
3
15
20
4
15
47
15
5
64
17
17
16
47
8
1
3
4
55
14
9
35
0
9
25
35
21
17
0
3
29
38
25
17
4
29
23
0
26
15
15
15
15
15
15
15
3
15
4
15
3
15
15
90
15
4
35
15
0
15
15
11
29
47
26
15
71
89
15
15
7
55
15
26
15
15
52
26
15
27
15
52
15
22
15
25
15
37
0
17
9
57
15
9
15
0
25
61
15
61
15
15
15
15
26
0
15
18
0
3
15
15
0
15
15
29
15
5
61
15
9
17
26
11
15
11
11
15
47
11
11
13
4
4
15
35
13
57
26
15
91
26
26
26
15
26
15
15
8
11
4
91
15
91
26
15
15
6
92
40
25
75
11
49
17
15
5
49
9
25
3
1
15
3
15
15
25
4
15
93
15
23
15
15
15
94
29
4
15
3
26
5
13
13
10
0
39
29
26
13
27
26
26
25
35
3
57
18
26
4
22
1
15
57
23
15
5
47
16
35
0
27
13
13
91
15
26
25
15
52
13
30
13
14
11
3
26
15
47
15
15
47
47
4
17
95
15
3
0
22
47
20
9
25
40
25
38
23
15
15
3
17
3
15
17
17
15
15
15
0
15
15
11
11
25
0
15
96
11
15
5
15
4
15
15
15
15
15
11
4
17
97
15
15
15
15
27
3
11
15
15
15
4
49
15
3
98
15
20
4
4
4
99
15
25
25
29
3
22
15
15
15
100
4
101
15
48
35
23
11
29
9
0
4
102
15
15
15
15
15
4
11
3
11
15
15
29
29
17
1
4
17
21
40
35
40
25
8
39
15
0
15
15
49
15
17
15
18
15
4
15
4
3
9
9
15
15
16
3
15
15
15
40
1
15
17
11
49
21
15
29
0
16
15
2
29
103
3
3
49
0
0
38
49
36
15
0
0
15
11
15
18
15
11
18
3
104
15
26
15
36
57
18
0
3
52
0
4
0
15
15
49
49
49
0
9
17
4
29
15
0
16
0
15
49
35
15
18
35
4
0
3
0
3
49
15
69
0
15
15
4
15
9
4
15
15
8
15
4
15
15
15
3
4
3
0
4
61
3
15
14
1
15
17
15
15
17
15
15
5
17
15
4
25
15
0
15
3
20
0
3
15
8
21
15
4
29
1
15
15
15
15
11
15
4
15
15
64
52
4
4
13
8
26
39
47
3
36
20
4
4
20
4
4
15
15
15
38
3
3
4
4
25
4
15
16
0
4
4
25
15
15
40
15
25
15
15
9
25
52
15
0
3
4
49
29
15
35
29
89
17
4
29
11
4
4
105
16
3
18
17
40
75
0
29
14
0
106
36
15
5
15
0
25
4
15
35
9
15
4
4
3
75
69
4
15
44
15
9
15
107
15
15
47
15
3
18
11
15
36
15
23
47
15
15
15
15
15
1
1
15
15
108
15
9
15
3
15
29
36
9
9
9
9
15
15
15
47
15
15
15
15
11
15
3
15
15
3
15
15
15
15
5
13
52
27
4
3
0
15
36
17
109
61
91
40
3
16
3
3
15
14
3
52
15
47
0
13
9
35
49
65
4
17
17
26
49
3
3
3
110
20
17
36
111
17
39
46
36
17
30
10
1
21
35
1
9
11
54
29
112
3
40
113
3
0
114
3
25
115
49
49
101
9
49
36
114
17
14
25
3
35
26
0
4
3
0
9
114
25
3
49
9
17
3
3
115
9
4
4
4
3
0
49
21
5
69
29
3
0
17
1
20
20
11
27
4
45
100
116
11
23
117
8
11
1
4
22
11
22
4
20
36
39
3
3
52
9
26
4
18
48
118
3
20
4
11
18
25
26
4
9
9
89
20
15
18
0
119
8
4
4
21
16
0
4
52
15
15
38
38
4
0
5
26
3
0
4
15
15
0
15
26
4
17
3
3
36
120
3
0
15
15
11
18
9
26
10
15
1
15
0
1
1
15
0
27
36
121
0
15
3
3
15
122
11
15
9
15
16
0
15
15
15
47
15
25
15
15
20
3
15
15
15
27
3
15
39
15
9
15
15
9
4
15
15
15
4
4
4
26
4
15
4
36
4
123
29
14
0
3
28
52
35
36
3
3
15
15
26
40
3
16
15
3
4
58
3
40
35
124
4
3
3
27
40
5
3
3
17
26
125
15
1
26
0
4
4
0
15
3
15
0
47
0
36
15
49
3
15
4
0
48
15
15
4
15
15
0
15
15
0
26
0
15
15
126
3
15
15
0
127
128
4
25
0
0
17
0
4
0
52
17
4
40
